      Step     Time          Energy          fmax
BFGS:    0 15:36:50     -106.137482        0.287083
BFGS:    1 15:36:50     -106.146866        0.232743
