
     Program GIPAW v.7.3.1 starts on 11Nov2024 at  3:20:51 

     This program is part of the open-source Quantum ESPRESSO suite
     for quantum simulation of materials; please cite
         "P. Giannozzi et al., J. Phys.:Condens. Matter 21 395502 (2009);
         "P. Giannozzi et al., J. Phys.:Condens. Matter 29 465901 (2017);
         "P. Giannozzi et al., J. Chem. Phys. 152 154105 (2020);
          URL http://www.quantum-espresso.org", 
     in publications or presentations arising from this work. More details at
     http://www.quantum-espresso.org/quote

     Parallel version (MPI & OpenMP), running on       4 processor cores
     Number of MPI processes:                 4
     Threads/MPI process:                     1

     MPI processes distributed on     1 nodes
     R & G space division:  proc/nbgrp/npool/nimage =       4
     473433 MiB available memory on the printing compute node when the environment starts


     ***** This is GIPAW git revision                                          *****
     ***** you can cite: N. Varini et al., Comp. Phys. Comm. 184, 1827 (2013)  *****
     ***** in publications or presentations arising from this work.            *****

     Parallelizing q-star over 1 images
     Reading input from LZPO_efg.in

     ------------------- Input file: --------------------
&inputgipaw
 job = 'efg'
 prefix = 'LZPO'
 tmp_dir = './out/'
 diagonalization = 'david'
 q_gipaw = 0.01
 use_nmr_macroscopic_shape = .true.
 verbosity = 'high'
/


     Reading xml data from directory:

     ./out/LZPO.save/
     file Li.pbe-tm-gipaw-dc.UPF: wavefunction(s)  2S 2P 3S 3P renormalized
     WARNING: atomic wfc #  3 for atom typeP has zero norm
     WARNING: atomic wfc #  4 for atom typeP has zero norm
     WARNING: atomic wfc #  6 for atom typeZr has zero norm

     IMPORTANT: XC functional enforced from input :
     Exchange-correlation= PBE
                           (   1   4   3   4   0   0   0)
     Any further DFT definition will be discarded
     Please, verify this is what you really want


     Parallelization info
     --------------------
     sticks:   dense  smooth     PW     G-vecs:    dense   smooth      PW
     Min        2800    1794    476               310705   159084   21953
     Max        2801    1795    477               310706   159089   21957
     Sum       11203    7179   1905              1242821   636349   87817

     Using Slab Decomposition

     Reading collected, re-writing distributed wavefunctions
     Subspace diagonalization in iterative solution of the eigenvalue problem:
     one sub-group per band group will be used
     scalapack distributed-memory algorithm (size of sub-group:  2*  2 procs)

     GIPAW projectors -----------------------------------------------
     atom=Li     l=0  rc=    2.8000  rs=    1.8667
     atom=Li     l=1  rc=    2.8000  rs=    1.8667
     atom=Li     l=0  rc=    2.8000  rs=    1.8667
     atom=Li     l=1  rc=    2.8000  rs=    1.8667
     projs nearly linearly dependent: l=0  n1,n2= 1, 2  s=  0.99888467
     projs nearly linearly dependent: l=1  n1,n2= 1, 2  s=  0.99998898

     atom=O      l=0  rc=    1.4000  rs=    0.9333
     atom=O      l=0  rc=    1.4000  rs=    0.9333
     atom=O      l=1  rc=    1.4000  rs=    0.9333
     atom=O      l=1  rc=    1.4000  rs=    0.9333
     projs nearly linearly dependent: l=1  n1,n2= 1, 2  s=  0.99858905

     atom=P      l=0  rc=    1.9000  rs=    1.2667
     atom=P      l=1  rc=    1.9000  rs=    1.2667
     atom=P      l=0  rc=    1.9000  rs=    1.2667
     atom=P      l=1  rc=    1.9000  rs=    1.2667
     atom=P      l=2  rc=    1.9000  rs=    1.2667
     projs nearly linearly dependent: l=0  n1,n2= 1, 2  s=  0.99121032
     projs nearly linearly dependent: l=1  n1,n2= 1, 2  s=  0.99828427

     atom=Zr     l=0  rc=    1.7500  rs=    1.1667
     atom=Zr     l=0  rc=    1.7500  rs=    1.1667
     atom=Zr     l=1  rc=    1.5500  rs=    1.0333
     atom=Zr     l=1  rc=    1.5500  rs=    1.0333
     atom=Zr     l=2  rc=    1.7000  rs=    1.1333
     atom=Zr     l=2  rc=    1.7000  rs=    1.1333
     projs nearly linearly dependent: l=2  n1,n2= 1, 2  s=  0.99833268
     -----------------------------------------------------------------

     GIPAW integrals: -------------------------------------------
     Atom  i/j   nmr_para   nmr_dia   epr_rmc  epr_para   epr_dia
     Li    1 1   0.11E+03  0.25E+00  0.20E+01  0.67E+03  0.17E+01
     Li    2 2   0.11E+00  0.17E-01  0.50E-01  0.11E+01  0.99E-01
     Li    3 1   0.11E+03  0.25E+00  0.21E+01  0.69E+03  0.17E+01
     Li    3 3   0.11E+03  0.24E+00  0.21E+01  0.70E+03  0.17E+01
     Li    4 2   0.11E+00  0.16E-01  0.49E-01  0.11E+01  0.97E-01
     Li    4 4   0.11E+00  0.16E-01  0.48E-01  0.11E+01  0.95E-01
     O     1 1   0.11E+04  0.23E+00  0.84E+01  0.19E+05  0.60E+01
     O     2 1   0.12E+04  0.48E-01  0.84E+01  0.20E+05  0.47E+01
     O     2 2   0.12E+04 -0.15E+00  0.80E+01  0.20E+05  0.37E+01
     O     3 3   0.42E+01  0.12E+00  0.11E+01  0.96E+02  0.22E+01
     O     4 3   0.47E+01  0.16E+00  0.14E+01  0.11E+03  0.27E+01
     O     4 4   0.52E+01  0.20E+00  0.17E+01  0.12E+03  0.33E+01
     P     1 1   0.16E+04  0.27E+00  0.10E+02  0.49E+05  0.95E+01
     P     2 2   0.16E+02  0.30E+00  0.82E+01  0.44E+03  0.89E+01
     P     3 1   0.17E+04  0.23E+00  0.10E+02  0.51E+05  0.95E+01
     P     3 3   0.18E+04  0.17E+00  0.11E+02  0.53E+05  0.94E+01
     P     4 2   0.16E+02  0.30E+00  0.84E+01  0.45E+03  0.90E+01
     P     4 4   0.17E+02  0.29E+00  0.86E+01  0.46E+03  0.92E+01
     P     5 5   0.19E+00  0.24E-01  0.28E+00  0.63E+01  0.55E+00
     Zr    1 1   0.10E+05  0.17E+00  0.23E+02  0.80E+06  0.37E+02
     Zr    2 1   0.13E+05  0.24E+00  0.31E+02  0.11E+07  0.49E+02
     Zr    2 2   0.18E+05  0.96E-01  0.41E+02  0.14E+07  0.63E+02
     Zr    3 3   0.93E+02  0.32E+00  0.24E+02  0.72E+04  0.41E+02
     Zr    4 3   0.96E+02  0.22E+00  0.24E+02  0.75E+04  0.41E+02
     Zr    4 4   0.99E+02  0.11E+00  0.24E+02  0.78E+04  0.42E+02
     Zr    5 5   0.99E+01  0.27E+00  0.15E+02  0.67E+03  0.29E+02
     Zr    6 5   0.10E+02  0.27E+00  0.15E+02  0.69E+03  0.30E+02
     Zr    6 6   0.11E+02  0.28E+00  0.16E+02  0.72E+03  0.31E+02
     ------------------------------------------------------------

     alpha_pv=     95.5147 eV

     Number of occupied bands for each k-point:
     k-point:     1    nbnd_occ= 224
     k-point:     2    nbnd_occ= 224
     k-point:     3    nbnd_occ= 224
     k-point:     4    nbnd_occ= 224
     k-point:     5    nbnd_occ= 224
     k-point:     6    nbnd_occ= 224
     k-point:     7    nbnd_occ= 224
     k-point:     8    nbnd_occ= 224


     Message from routine gipaw_summary:
     spline_ps is .false., expect some extrapolation errors

     q-space interpolation up to    96.00 Rydberg

     GIPAW job: efg                                                                             


     ELECTRIC FIELD GRADIENTS TENSORS IN Hartree/bohrradius^2:

     ----- bare term -----
     Li      1        0.164709       -0.071614       -0.004892
     Li      1       -0.071614       -0.246556        0.229551
     Li      1       -0.004892        0.229551        0.081847

     Li      2        0.164709        0.071614       -0.004892
     Li      2        0.071614       -0.246556       -0.229551
     Li      2       -0.004892       -0.229551        0.081847

     Li      3        0.164709       -0.071614       -0.004892
     Li      3       -0.071614       -0.246556        0.229551
     Li      3       -0.004892        0.229551        0.081847

     Li      4        0.164709        0.071614       -0.004892
     Li      4        0.071614       -0.246556       -0.229551
     Li      4       -0.004892       -0.229551        0.081847

     Zr      5        0.034961       -0.016251       -0.000215
     Zr      5       -0.016251       -0.029639        0.056681
     Zr      5       -0.000215        0.056681       -0.005322

     Zr      6        0.034961        0.016251       -0.000215
     Zr      6        0.016251       -0.029639       -0.056681
     Zr      6       -0.000215       -0.056681       -0.005322

     Zr      7        0.034961       -0.016251       -0.000215
     Zr      7       -0.016251       -0.029639        0.056681
     Zr      7       -0.000215        0.056681       -0.005322

     Zr      8        0.034961        0.016251       -0.000215
     Zr      8        0.016251       -0.029639       -0.056681
     Zr      8       -0.000215       -0.056681       -0.005322

     Zr      9       -0.013114       -0.028936       -0.010072
     Zr      9       -0.028936        0.005412        0.038323
     Zr      9       -0.010072        0.038323        0.007702

     Zr     10       -0.013114        0.028936       -0.010072
     Zr     10        0.028936        0.005412       -0.038323
     Zr     10       -0.010072       -0.038323        0.007702

     Zr     11       -0.013114       -0.028936       -0.010072
     Zr     11       -0.028936        0.005412        0.038323
     Zr     11       -0.010072        0.038323        0.007702

     Zr     12       -0.013114        0.028936       -0.010072
     Zr     12        0.028936        0.005412       -0.038323
     Zr     12       -0.010072       -0.038323        0.007702

     P      13       -0.032852        0.064140        0.017426
     P      13        0.064140        0.066990       -0.001867
     P      13        0.017426       -0.001867       -0.034138

     P      14       -0.032852       -0.064140        0.017426
     P      14       -0.064140        0.066990        0.001867
     P      14        0.017426        0.001867       -0.034138

     P      15       -0.032852        0.064140        0.017426
     P      15        0.064140        0.066990       -0.001867
     P      15        0.017426       -0.001867       -0.034138

     P      16       -0.032852       -0.064140        0.017426
     P      16       -0.064140        0.066990        0.001867
     P      16        0.017426        0.001867       -0.034138

     P      17        0.022746       -0.014481       -0.003089
     P      17       -0.014481       -0.020384       -0.039293
     P      17       -0.003089       -0.039293       -0.002363

     P      18        0.022746        0.014481       -0.003089
     P      18        0.014481       -0.020384        0.039293
     P      18       -0.003089        0.039293       -0.002363

     P      19        0.022746       -0.014481       -0.003089
     P      19       -0.014481       -0.020384       -0.039293
     P      19       -0.003089       -0.039293       -0.002363

     P      20        0.022746        0.014481       -0.003089
     P      20        0.014481       -0.020384        0.039293
     P      20       -0.003089        0.039293       -0.002363

     P      21       -0.025557       -0.009966       -0.024784
     P      21       -0.009966       -0.015838       -0.008819
     P      21       -0.024784       -0.008819        0.041396

     P      22       -0.025557        0.009966       -0.024784
     P      22        0.009966       -0.015838        0.008819
     P      22       -0.024784        0.008819        0.041396

     P      23       -0.025557       -0.009966       -0.024784
     P      23       -0.009966       -0.015838       -0.008819
     P      23       -0.024784       -0.008819        0.041396

     P      24       -0.025557        0.009966       -0.024784
     P      24        0.009966       -0.015838        0.008819
     P      24       -0.024784        0.008819        0.041396

     O      25        0.043599       -0.021207       -0.274904
     O      25       -0.021207        0.182253        0.141484
     O      25       -0.274904        0.141484       -0.225852

     O      26        0.043599        0.021207       -0.274904
     O      26        0.021207        0.182253       -0.141484
     O      26       -0.274904       -0.141484       -0.225852

     O      27        0.043599       -0.021207       -0.274904
     O      27       -0.021207        0.182253        0.141484
     O      27       -0.274904        0.141484       -0.225852

     O      28        0.043599        0.021207       -0.274904
     O      28        0.021207        0.182253       -0.141484
     O      28       -0.274904       -0.141484       -0.225852

     O      29        0.191950        0.144305        0.066497
     O      29        0.144305       -0.200887       -0.186660
     O      29        0.066497       -0.186660        0.008937

     O      30        0.191950       -0.144305        0.066497
     O      30       -0.144305       -0.200887        0.186660
     O      30        0.066497        0.186660        0.008937

     O      31        0.191950        0.144305        0.066497
     O      31        0.144305       -0.200887       -0.186660
     O      31        0.066497       -0.186660        0.008937

     O      32        0.191950       -0.144305        0.066497
     O      32       -0.144305       -0.200887        0.186660
     O      32        0.066497        0.186660        0.008937

     O      33       -0.219137       -0.188003        0.203193
     O      33       -0.188003        0.055492        0.085837
     O      33        0.203193        0.085837        0.163645

     O      34       -0.219137        0.188003        0.203193
     O      34        0.188003        0.055492       -0.085837
     O      34        0.203193       -0.085837        0.163645

     O      35       -0.219137       -0.188003        0.203193
     O      35       -0.188003        0.055492        0.085837
     O      35        0.203193        0.085837        0.163645

     O      36       -0.219137        0.188003        0.203193
     O      36        0.188003        0.055492       -0.085837
     O      36        0.203193       -0.085837        0.163645

     O      37       -0.179333       -0.243823        0.089821
     O      37       -0.243823        0.056474        0.098593
     O      37        0.089821        0.098593        0.122859

     O      38       -0.179333        0.243823        0.089821
     O      38        0.243823        0.056474       -0.098593
     O      38        0.089821       -0.098593        0.122859

     O      39       -0.179333       -0.243823        0.089821
     O      39       -0.243823        0.056474        0.098593
     O      39        0.089821        0.098593        0.122859

     O      40       -0.179333        0.243823        0.089821
     O      40        0.243823        0.056474       -0.098593
     O      40        0.089821       -0.098593        0.122859

     O      41        0.090612        0.001526       -0.177692
     O      41        0.001526        0.148112        0.073490
     O      41       -0.177692        0.073490       -0.238724

     O      42        0.090612       -0.001526       -0.177692
     O      42       -0.001526        0.148112       -0.073490
     O      42       -0.177692       -0.073490       -0.238724

     O      43        0.090612        0.001526       -0.177692
     O      43        0.001526        0.148112        0.073490
     O      43       -0.177692        0.073490       -0.238724

     O      44        0.090612       -0.001526       -0.177692
     O      44       -0.001526        0.148112       -0.073490
     O      44       -0.177692       -0.073490       -0.238724

     O      45        0.082010        0.173084        0.094044
     O      45        0.173084       -0.219117       -0.120387
     O      45        0.094044       -0.120387        0.137106

     O      46        0.082010       -0.173084        0.094044
     O      46       -0.173084       -0.219117        0.120387
     O      46        0.094044        0.120387        0.137106

     O      47        0.082010        0.173084        0.094044
     O      47        0.173084       -0.219117       -0.120387
     O      47        0.094044       -0.120387        0.137106

     O      48        0.082010       -0.173084        0.094044
     O      48       -0.173084       -0.219117        0.120387
     O      48        0.094044        0.120387        0.137106

     O      49        0.117106        0.026274        0.162630
     O      49        0.026274        0.180610        0.072638
     O      49        0.162630        0.072638       -0.297716

     O      50        0.117106       -0.026274        0.162630
     O      50       -0.026274        0.180610       -0.072638
     O      50        0.162630       -0.072638       -0.297716

     O      51        0.117106        0.026274        0.162630
     O      51        0.026274        0.180610        0.072638
     O      51        0.162630        0.072638       -0.297716

     O      52        0.117106       -0.026274        0.162630
     O      52       -0.026274        0.180610       -0.072638
     O      52        0.162630       -0.072638       -0.297716

     O      53        0.043457       -0.220924       -0.121021
     O      53       -0.220924       -0.182057       -0.106330
     O      53       -0.121021       -0.106330        0.138600

     O      54        0.043457        0.220924       -0.121021
     O      54        0.220924       -0.182057        0.106330
     O      54       -0.121021        0.106330        0.138600

     O      55        0.043457       -0.220924       -0.121021
     O      55       -0.220924       -0.182057       -0.106330
     O      55       -0.121021       -0.106330        0.138600

     O      56        0.043457        0.220924       -0.121021
     O      56        0.220924       -0.182057        0.106330
     O      56       -0.121021        0.106330        0.138600

     O      57       -0.135641        0.235829       -0.081507
     O      57        0.235829       -0.060421        0.071337
     O      57       -0.081507        0.071337        0.196062

     O      58       -0.135641       -0.235829       -0.081507
     O      58       -0.235829       -0.060421       -0.071337
     O      58       -0.081507       -0.071337        0.196062

     O      59       -0.135641        0.235829       -0.081507
     O      59        0.235829       -0.060421        0.071337
     O      59       -0.081507        0.071337        0.196062

     O      60       -0.135641       -0.235829       -0.081507
     O      60       -0.235829       -0.060421       -0.071337
     O      60       -0.081507       -0.071337        0.196062

     O      61       -0.204472        0.249586       -0.030282
     O      61        0.249586        0.057876        0.058084
     O      61       -0.030282        0.058084        0.146596

     O      62       -0.204472       -0.249586       -0.030282
     O      62       -0.249586        0.057876       -0.058084
     O      62       -0.030282       -0.058084        0.146596

     O      63       -0.204472        0.249586       -0.030282
     O      63        0.249586        0.057876        0.058084
     O      63       -0.030282        0.058084        0.146596

     O      64       -0.204472       -0.249586       -0.030282
     O      64       -0.249586        0.057876       -0.058084
     O      64       -0.030282       -0.058084        0.146596

     O      65        0.141480       -0.064141        0.169440
     O      65       -0.064141        0.197578        0.162151
     O      65        0.169440        0.162151       -0.339058

     O      66        0.141480        0.064141        0.169440
     O      66        0.064141        0.197578       -0.162151
     O      66        0.169440       -0.162151       -0.339058

     O      67        0.141480       -0.064141        0.169440
     O      67       -0.064141        0.197578        0.162151
     O      67        0.169440        0.162151       -0.339058

     O      68        0.141480        0.064141        0.169440
     O      68        0.064141        0.197578       -0.162151
     O      68        0.169440       -0.162151       -0.339058

     O      69        0.011994       -0.294614       -0.143043
     O      69       -0.294614       -0.143694       -0.165228
     O      69       -0.143043       -0.165228        0.131700

     O      70        0.011994        0.294614       -0.143043
     O      70        0.294614       -0.143694        0.165228
     O      70       -0.143043        0.165228        0.131700

     O      71        0.011994       -0.294614       -0.143043
     O      71       -0.294614       -0.143694       -0.165228
     O      71       -0.143043       -0.165228        0.131700

     O      72        0.011994        0.294614       -0.143043
     O      72        0.294614       -0.143694        0.165228
     O      72       -0.143043        0.165228        0.131700

     ----- ionic term -----
     Li      1       -0.159678        0.069648        0.007908
     Li      1        0.069648        0.234847       -0.215632
     Li      1        0.007908       -0.215632       -0.075169

     Li      2       -0.159678       -0.069648        0.007908
     Li      2       -0.069648        0.234847        0.215632
     Li      2        0.007908        0.215632       -0.075169

     Li      3       -0.159678        0.069648        0.007908
     Li      3        0.069648        0.234847       -0.215632
     Li      3        0.007908       -0.215632       -0.075169

     Li      4       -0.159678       -0.069648        0.007908
     Li      4       -0.069648        0.234847        0.215632
     Li      4        0.007908        0.215632       -0.075169

     Zr      5       -0.036480        0.012633       -0.000738
     Zr      5        0.012633        0.033348       -0.057602
     Zr      5       -0.000738       -0.057602        0.003132

     Zr      6       -0.036480       -0.012633       -0.000738
     Zr      6       -0.012633        0.033348        0.057602
     Zr      6       -0.000738        0.057602        0.003132

     Zr      7       -0.036480        0.012633       -0.000738
     Zr      7        0.012633        0.033348       -0.057602
     Zr      7       -0.000738       -0.057602        0.003132

     Zr      8       -0.036480       -0.012633       -0.000738
     Zr      8       -0.012633        0.033348        0.057602
     Zr      8       -0.000738        0.057602        0.003132

     Zr      9        0.013514        0.029398        0.010149
     Zr      9        0.029398       -0.004208       -0.039381
     Zr      9        0.010149       -0.039381       -0.009306

     Zr     10        0.013514       -0.029398        0.010149
     Zr     10       -0.029398       -0.004208        0.039381
     Zr     10        0.010149        0.039381       -0.009306

     Zr     11        0.013514        0.029398        0.010149
     Zr     11        0.029398       -0.004208       -0.039381
     Zr     11        0.010149       -0.039381       -0.009306

     Zr     12        0.013514       -0.029398        0.010149
     Zr     12       -0.029398       -0.004208        0.039381
     Zr     12        0.010149        0.039381       -0.009306

     P      13        0.014654       -0.064679       -0.011091
     P      13       -0.064679       -0.049361        0.005393
     P      13       -0.011091        0.005393        0.034707

     P      14        0.014654        0.064679       -0.011091
     P      14        0.064679       -0.049361       -0.005393
     P      14       -0.011091       -0.005393        0.034707

     P      15        0.014654       -0.064679       -0.011091
     P      15       -0.064679       -0.049361        0.005393
     P      15       -0.011091        0.005393        0.034707

     P      16        0.014654        0.064679       -0.011091
     P      16        0.064679       -0.049361       -0.005393
     P      16       -0.011091       -0.005393        0.034707

     P      17       -0.017849        0.017870        0.010795
     P      17        0.017870        0.009089        0.031837
     P      17        0.010795        0.031837        0.008760

     P      18       -0.017849       -0.017870        0.010795
     P      18       -0.017870        0.009089       -0.031837
     P      18        0.010795       -0.031837        0.008760

     P      19       -0.017849        0.017870        0.010795
     P      19        0.017870        0.009089        0.031837
     P      19        0.010795        0.031837        0.008760

     P      20       -0.017849       -0.017870        0.010795
     P      20       -0.017870        0.009089       -0.031837
     P      20        0.010795       -0.031837        0.008760

     P      21        0.025691        0.008561        0.010890
     P      21        0.008561        0.017911        0.009848
     P      21        0.010890        0.009848       -0.043602

     P      22        0.025691       -0.008561        0.010890
     P      22       -0.008561        0.017911       -0.009848
     P      22        0.010890       -0.009848       -0.043602

     P      23        0.025691        0.008561        0.010890
     P      23        0.008561        0.017911        0.009848
     P      23        0.010890        0.009848       -0.043602

     P      24        0.025691       -0.008561        0.010890
     P      24       -0.008561        0.017911       -0.009848
     P      24        0.010890       -0.009848       -0.043602

     O      25       -0.249006       -0.018888        0.471696
     O      25       -0.018888       -0.400731       -0.264998
     O      25        0.471696       -0.264998        0.649737

     O      26       -0.249006        0.018888        0.471696
     O      26        0.018888       -0.400731        0.264998
     O      26        0.471696        0.264998        0.649737

     O      27       -0.249006       -0.018888        0.471696
     O      27       -0.018888       -0.400731       -0.264998
     O      27        0.471696       -0.264998        0.649737

     O      28       -0.249006        0.018888        0.471696
     O      28        0.018888       -0.400731        0.264998
     O      28        0.471696        0.264998        0.649737

     O      29       -0.340622       -0.428678        0.035746
     O      29       -0.428678        0.539230        0.045066
     O      29        0.035746        0.045066       -0.198608

     O      30       -0.340622        0.428678        0.035746
     O      30        0.428678        0.539230       -0.045066
     O      30        0.035746       -0.045066       -0.198608

     O      31       -0.340622       -0.428678        0.035746
     O      31       -0.428678        0.539230        0.045066
     O      31        0.035746        0.045066       -0.198608

     O      32       -0.340622        0.428678        0.035746
     O      32        0.428678        0.539230       -0.045066
     O      32        0.035746       -0.045066       -0.198608

     O      33        0.182273        0.433275       -0.429513
     O      33        0.433275        0.013178       -0.351971
     O      33       -0.429513       -0.351971       -0.195451

     O      34        0.182273       -0.433275       -0.429513
     O      34       -0.433275        0.013178        0.351971
     O      34       -0.429513        0.351971       -0.195451

     O      35        0.182273        0.433275       -0.429513
     O      35        0.433275        0.013178       -0.351971
     O      35       -0.429513       -0.351971       -0.195451

     O      36        0.182273       -0.433275       -0.429513
     O      36       -0.433275        0.013178        0.351971
     O      36       -0.429513        0.351971       -0.195451

     O      37        0.657265        0.363851       -0.029379
     O      37        0.363851       -0.250928       -0.112372
     O      37       -0.029379       -0.112372       -0.406337

     O      38        0.657265       -0.363851       -0.029379
     O      38       -0.363851       -0.250928        0.112372
     O      38       -0.029379        0.112372       -0.406337

     O      39        0.657265        0.363851       -0.029379
     O      39        0.363851       -0.250928       -0.112372
     O      39       -0.029379       -0.112372       -0.406337

     O      40        0.657265       -0.363851       -0.029379
     O      40       -0.363851       -0.250928        0.112372
     O      40       -0.029379        0.112372       -0.406337

     O      41       -0.330722       -0.163761        0.363608
     O      41       -0.163761       -0.022920       -0.386558
     O      41        0.363608       -0.386558        0.353642

     O      42       -0.330722        0.163761        0.363608
     O      42        0.163761       -0.022920        0.386558
     O      42        0.363608        0.386558        0.353642

     O      43       -0.330722       -0.163761        0.363608
     O      43       -0.163761       -0.022920       -0.386558
     O      43        0.363608       -0.386558        0.353642

     O      44       -0.330722        0.163761        0.363608
     O      44        0.163761       -0.022920        0.386558
     O      44        0.363608        0.386558        0.353642

     O      45        0.011004       -0.424560       -0.395504
     O      45       -0.424560        0.193759        0.299047
     O      45       -0.395504        0.299047       -0.204763

     O      46        0.011004        0.424560       -0.395504
     O      46        0.424560        0.193759       -0.299047
     O      46       -0.395504       -0.299047       -0.204763

     O      47        0.011004       -0.424560       -0.395504
     O      47       -0.424560        0.193759        0.299047
     O      47       -0.395504        0.299047       -0.204763

     O      48        0.011004        0.424560       -0.395504
     O      48        0.424560        0.193759       -0.299047
     O      48       -0.395504       -0.299047       -0.204763

     O      49       -0.291046        0.049745       -0.428504
     O      49        0.049745       -0.370668       -0.243866
     O      49       -0.428504       -0.243866        0.661714

     O      50       -0.291046       -0.049745       -0.428504
     O      50       -0.049745       -0.370668        0.243866
     O      50       -0.428504        0.243866        0.661714

     O      51       -0.291046        0.049745       -0.428504
     O      51        0.049745       -0.370668       -0.243866
     O      51       -0.428504       -0.243866        0.661714

     O      52       -0.291046       -0.049745       -0.428504
     O      52       -0.049745       -0.370668        0.243866
     O      52       -0.428504        0.243866        0.661714

     O      53       -0.266460        0.337477        0.112413
     O      53        0.337477        0.637494       -0.003415
     O      53        0.112413       -0.003415       -0.371034

     O      54       -0.266460       -0.337477        0.112413
     O      54       -0.337477        0.637494        0.003415
     O      54        0.112413        0.003415       -0.371034

     O      55       -0.266460        0.337477        0.112413
     O      55        0.337477        0.637494       -0.003415
     O      55        0.112413       -0.003415       -0.371034

     O      56       -0.266460       -0.337477        0.112413
     O      56       -0.337477        0.637494        0.003415
     O      56        0.112413        0.003415       -0.371034

     O      57        0.207911       -0.474663        0.365403
     O      57       -0.474663       -0.059340       -0.289695
     O      57        0.365403       -0.289695       -0.148570

     O      58        0.207911        0.474663        0.365403
     O      58        0.474663       -0.059340        0.289695
     O      58        0.365403        0.289695       -0.148570

     O      59        0.207911       -0.474663        0.365403
     O      59       -0.474663       -0.059340       -0.289695
     O      59        0.365403       -0.289695       -0.148570

     O      60        0.207911        0.474663        0.365403
     O      60        0.474663       -0.059340        0.289695
     O      60        0.365403        0.289695       -0.148570

     O      61        0.702394       -0.260848        0.047672
     O      61       -0.260848       -0.257045       -0.058360
     O      61        0.047672       -0.058360       -0.445350

     O      62        0.702394        0.260848        0.047672
     O      62        0.260848       -0.257045        0.058360
     O      62        0.047672        0.058360       -0.445350

     O      63        0.702394       -0.260848        0.047672
     O      63       -0.260848       -0.257045       -0.058360
     O      63        0.047672       -0.058360       -0.445350

     O      64        0.702394        0.260848        0.047672
     O      64        0.260848       -0.257045        0.058360
     O      64        0.047672        0.058360       -0.445350

     O      65       -0.214083        0.288132       -0.409453
     O      65        0.288132       -0.190281       -0.432215
     O      65       -0.409453       -0.432215        0.404365

     O      66       -0.214083       -0.288132       -0.409453
     O      66       -0.288132       -0.190281        0.432215
     O      66       -0.409453        0.432215        0.404365

     O      67       -0.214083        0.288132       -0.409453
     O      67        0.288132       -0.190281       -0.432215
     O      67       -0.409453       -0.432215        0.404365

     O      68       -0.214083       -0.288132       -0.409453
     O      68       -0.288132       -0.190281        0.432215
     O      68       -0.409453        0.432215        0.404365

     O      69       -0.108942        0.526321        0.342243
     O      69        0.526321        0.213502        0.466162
     O      69        0.342243        0.466162       -0.104559

     O      70       -0.108942       -0.526321        0.342243
     O      70       -0.526321        0.213502       -0.466162
     O      70        0.342243       -0.466162       -0.104559

     O      71       -0.108942        0.526321        0.342243
     O      71        0.526321        0.213502        0.466162
     O      71        0.342243        0.466162       -0.104559

     O      72       -0.108942       -0.526321        0.342243
     O      72       -0.526321        0.213502       -0.466162
     O      72        0.342243       -0.466162       -0.104559

     ----- GIPAW term -----
     Li      1        0.000804       -0.000317        0.000329
     Li      1       -0.000317       -0.001543        0.001388
     Li      1        0.000329        0.001388        0.000739

     Li      2        0.000804        0.000317        0.000329
     Li      2        0.000317       -0.001543       -0.001388
     Li      2        0.000329       -0.001388        0.000739

     Li      3        0.000804       -0.000317        0.000329
     Li      3       -0.000317       -0.001543        0.001388
     Li      3        0.000329        0.001388        0.000739

     Li      4        0.000804        0.000317        0.000329
     Li      4        0.000317       -0.001543       -0.001388
     Li      4        0.000329       -0.001388        0.000739

     Zr      5        0.030479       -0.187579        0.024502
     Zr      5       -0.187579        0.033269        0.197255
     Zr      5        0.024502        0.197255       -0.063748

     Zr      6        0.030479        0.187579        0.024502
     Zr      6        0.187579        0.033269       -0.197255
     Zr      6        0.024502       -0.197255       -0.063748

     Zr      7        0.030479       -0.187579        0.024502
     Zr      7       -0.187579        0.033269        0.197255
     Zr      7        0.024502        0.197255       -0.063748

     Zr      8        0.030479        0.187579        0.024502
     Zr      8        0.187579        0.033269       -0.197255
     Zr      8        0.024502       -0.197255       -0.063748

     Zr      9       -0.019965       -0.135415       -0.068719
     Zr      9       -0.135415       -0.006333        0.054041
     Zr      9       -0.068719        0.054041        0.026298

     Zr     10       -0.019965        0.135415       -0.068719
     Zr     10        0.135415       -0.006333       -0.054041
     Zr     10       -0.068719       -0.054041        0.026298

     Zr     11       -0.019965       -0.135415       -0.068719
     Zr     11       -0.135415       -0.006333        0.054041
     Zr     11       -0.068719        0.054041        0.026298

     Zr     12       -0.019965        0.135415       -0.068719
     Zr     12        0.135415       -0.006333       -0.054041
     Zr     12       -0.068719       -0.054041        0.026298

     P      13       -0.118707        0.001355        0.041247
     P      13        0.001355        0.113677        0.022960
     P      13        0.041247        0.022960        0.005030

     P      14       -0.118707       -0.001355        0.041247
     P      14       -0.001355        0.113677       -0.022960
     P      14        0.041247       -0.022960        0.005030

     P      15       -0.118707        0.001355        0.041247
     P      15        0.001355        0.113677        0.022960
     P      15        0.041247        0.022960        0.005030

     P      16       -0.118707       -0.001355        0.041247
     P      16       -0.001355        0.113677       -0.022960
     P      16        0.041247       -0.022960        0.005030

     P      17        0.034081        0.017518        0.055667
     P      17        0.017518       -0.076162       -0.051343
     P      17        0.055667       -0.051343        0.042081

     P      18        0.034081       -0.017518        0.055667
     P      18       -0.017518       -0.076162        0.051343
     P      18        0.055667        0.051343        0.042081

     P      19        0.034081        0.017518        0.055667
     P      19        0.017518       -0.076162       -0.051343
     P      19        0.055667       -0.051343        0.042081

     P      20        0.034081       -0.017518        0.055667
     P      20       -0.017518       -0.076162        0.051343
     P      20        0.055667        0.051343        0.042081

     P      21       -0.002655       -0.013404       -0.088175
     P      21       -0.013404        0.009881        0.010061
     P      21       -0.088175        0.010061       -0.007226

     P      22       -0.002655        0.013404       -0.088175
     P      22        0.013404        0.009881       -0.010061
     P      22       -0.088175       -0.010061       -0.007226

     P      23       -0.002655       -0.013404       -0.088175
     P      23       -0.013404        0.009881        0.010061
     P      23       -0.088175        0.010061       -0.007226

     P      24       -0.002655        0.013404       -0.088175
     P      24        0.013404        0.009881       -0.010061
     P      24       -0.088175       -0.010061       -0.007226

     O      25       -0.183815       -0.036210        0.177266
     O      25       -0.036210       -0.197248       -0.111210
     O      25        0.177266       -0.111210        0.381064

     O      26       -0.183815        0.036210        0.177266
     O      26        0.036210       -0.197248        0.111210
     O      26        0.177266        0.111210        0.381064

     O      27       -0.183815       -0.036210        0.177266
     O      27       -0.036210       -0.197248       -0.111210
     O      27        0.177266       -0.111210        0.381064

     O      28       -0.183815        0.036210        0.177266
     O      28        0.036210       -0.197248        0.111210
     O      28        0.177266        0.111210        0.381064

     O      29       -0.134504       -0.255728        0.092636
     O      29       -0.255728        0.302522       -0.124305
     O      29        0.092636       -0.124305       -0.168018

     O      30       -0.134504        0.255728        0.092636
