      Step     Time          Energy          fmax
BFGS:    0 18:20:38      -91.694580        0.358736
BFGS:    1 18:20:38      -91.717300        0.282686
