      Step     Time          Energy          fmax
BFGS:    0 12:02:07     -571.690002        1.729856
BFGS:    1 12:02:16     -571.993042        0.542197
